1280,2
1290,9
1293,16
1294,15
1297,10
1298,11
1304,21
1306,20
1307,22
1308,23
1309,29
1310,30
1315,35
1316,42
1318,36
1320,40
1323,49
1325,45
1329,51
1331,55
1336,65
1337,66
1338,59
1339,62
1340,63
1341,60
1342,58
1345,64
1347,76
1349,71
1353,72
1357,73
1359,79
1363,84
1369,82
1370,83
1372,92
1373,91
1374,87
1375,89
1380,98
1381,95
1382,96
1384,105
1385,106
1391,103
1392,104
1393,111
1399,116
1401,112
1405,113
1408,114
1410,126
1411,120
1413,125
1414,124
1415,134
1417,127
1418,128
1421,138
1428,143
1430,142
1439,148
1440,151
1441,157
1442,155
1443,156
1446,159
1447,160
1448,158
1454,170
1455,177
1457,172
1458,173
1462,171
1463,178
1464,182
1465,183
1467,174
1468,176
1469,181
1470,179
1472,184
1473,185
1480,188
1481,186
1483,189
1484,193
1485,199
1487,201
1488,203
1491,202
1492,205
1493,207
1497,204
1498,212
1499,210
1501,213
1506,223
1508,221
1509,222
1510,228
1511,219
1512,226
1513,224
1514,220
1517,232
1518,233
1521,241
1525,235
1526,239
1529,242
1530,240
1534,248
1535,249
1539,247
1540,251
1541,250
1542,256
1544,252
1547,254
1548,259
1549,263
1550,264
1552,260
1553,261
1554,268
1555,269
1556,271
1557,270
1559,274
1560,275
1562,272
1563,281
1565,282
1566,279
1567,283
1568,286
1570,285
1573,288
1574,291
1575,296
1576,297
1577,294
1581,300
1582,301
1584,303
1585,308
1586,309
1587,302
1588,312
1589,313
1590,311
1592,317
1593,325
1594,326
1596,322
1597,323
1601,330
1605,332
1606,333
1607,335
1609,336
1610,334
1611,338
1614,346
1615,344
1617,347
1618,353
1619,352
1620,343
1623,358
1625,360
1627,364
1628,356
1629,357
1630,362
1634,371
1635,365
1637,367
1639,369
1640,370
1642,373
1644,375
1646,378
1647,376
1648,377
1652,379
1654,380
1655,381
1657,382
1658,383
1659,385
1661,388
1664,390
1666,391
1667,392
1668,387
1669,396
1670,395
1672,399
1675,398
1676,404
1677,403
1679,407
1680,406
1681,408
1683,412
1684,410
1686,414
1688,421
1692,422
1694,417
1696,427
1700,423
1703,428
1706,429
1707,430
1710,431
1711,432
1712,433
1715,437
1716,435
1717,438
1718,445
1719,440
1720,441
1721,444
1724,450
1728,454
1729,451
1731,453
1732,449
1734,459
1735,461
1740,465
1741,466
1742,467
1743,464
1744,469
1745,470
1750,474
1751,479
1756,483
1757,488
1758,491
1761,490
1764,497
1765,498
1766,501
1767,492
1770,502
1771,495
1773,499
1774,504
1778,507
1779,508
1784,506
1787,511
1789,513
1790,509
1792,515
1800,528
1801,538
1802,530
1803,535
1805,531
1808,529
1813,542
1814,544
1815,494
1816,546
1817,545
1823,550
1824,554
1825,553
1828,559
1836,555
1837,564
1839,566
1840,565
1841,568
1842,569
1844,570
1848,571
1850,578
1852,576
1855,580
1856,583
1859,584
1860,585
1862,587
1863,588
1864,589
1866,591
1867,586
1870,597
1871,596
1872,594
1873,598
1875,604
1876,607
1877,600
1878,605
1879,606
1880,601
1882,613
1883,608
1885,616
1887,621
1890,620
1891,622
1892,629
1893,630
1894,631
1898,624
1903,628
1904,639
1905,640
1906,641
1907,636
1909,634
1912,627
1916,647
1917,645
1918,646
1921,649
1923,643
1925,655
1926,653
1927,654
1930,650
1931,651
1932,652
1935,657
1937,668
1939,658
1940,662
1941,663
1942,668
1945,665
1947,667
1948,664
1949,671
1952,677
1954,678
1955,680
1962,683
1964,686
1966,676
1967,689
1971,687
1975,692
1978,700
1979,695
1980,701
1982,708
1983,717
1984,713
1985,711
1987,723
1990,726
1991,730
1993,724
1994,734
1996,725
1997,737
1998,740
2000,741
2003,750
2005,749
2006,755
2007,756
2008,744
2009,743
2011,746
2012,753
2014,757
2023,763
2025,758
2026,770
2028,769
2029,779
2030,781
2031,782
2035,772
2036,778
2039,783
2040,784
2041,787
2043,786
2046,794
2047,795
2050,788
2051,789
2052,806
2053,807
2055,799
2056,805
2060,796
2061,797
2062,801
2063,802
2064,810
2066,812
2067,803
2068,804
2069,817
2070,818
2075,816
2077,821
2078,824
2080,829
2083,827
2084,828
2085,825
2086,830
2089,833
2091,837
2092,836
2093,843
2096,849
2097,847
2099,845
2100,850
2101,852
2102,850
2105,856
2106,854
2107,855
2112,863
2113,862
2116,867
2118,861
2120,859
2123,865
2125,878
2126,871
2128,866
2129,875
2130,880
2136,892
2137,888
2138,887
2139,887
2140,886
2141,889
2142,901
2145,908
2147,895
2148,903
2150,890
2151,891
2153,900
2154,899
2155,894
2156,911
2157,912
2158,906
2161,923
2168,927
2169,928
2170,918
2172,916
2175,932
2176,929
2182,924
2183,936
2184,934
2186,939
2187,940
2188,942
2191,938
2192,950
2195,953
2197,944
2199,956
2200,957
2201,955
2210,970
2211,971
2212,965
2213,966
2214,960
2215,959
2216,958
2217,1251
2225,967
2228,972
2230,985
2231,993
2232,990
2233,975
2237,997
2240,982
2241,994
2243,1001
2246,1013
2247,1007
2249,1011
2250,999
2254,1012
2256,996
2257,1010
2259,1003
2261,1014
2262,1017
2263,1015
2264,1016
2267,1025
2271,1020
2272,1021
2274,1030
2275,1031
2279,1024
2281,1028
2282,1041
2284,1040
2288,1046
2289,1054
2290,1055
2291,1056
2293,1042
2294,1047
2296,1048
2297,1038
2302,1052
2303,1062
2304,1043
2306,1076
2307,1065
2309,1064
2310,1066
2314,1059
2315,1060
2316,1061
2317,1081
2318,1063
2320,1075
2322,1067
2323,1068
2327,1074
2328,1092
2329,1093
2332,1088
2333,1076
2334,1095
2336,1086
2337,1080
2339,1097
2340,1083
2341,1101
2342,1082
2344,1085
2346,1099
2348,1102
2350,1103
2351,1098
2352,1105
2354,1113
2356,1106
2357,1110
2359,1108
2360,1109
2361,1111
2362,1119
2363,1121
2364,1122
2365,1125
2366,1127
2367,1120
2369,1123
2370,1126
2373,1129
2375,1130
2376,1131
2378,1128
2380,1137
2384,1148
2385,1143
2386,1151
2391,1153
2393,1155
2397,1152
2398,1161
2399,1162
2400,1157
2401,1156
2402,1164
2403,1154
2411,1167
2412,1165
2414,1168
2415,1166
2416,1175
2417,1176
2418,1177
2419,1178
2420,1182
2421,1186
2422,1187
2423,1180
2424,1181
2425,1183
2429,1190
2433,1193
2435,1195
2437,1196
2441,1199
2442,1197
2446,1201
2448,1208
2449,1216
2450,1206
2451,1207
2453,1212
2454,1203
2455,1204
2456,1221
2457,1209
2459,1223
2460,1217
2462,1231
2464,1224
2466,1228
2467,1227
2469,1234
2471,1236
2472,1238
2473,1232
2477,1235
2478,1245
2479,1237
2480,1244
2482,1243
2484,1253
2489,1261
2490,1241
2492,1256
2493,1260
2495,1264
2496,1275
2499,1251
2500,1254
2501,1252
2504,1278
2505,1277
2508,1281
2509,1282
2510,1262
2511,1294
2512,1266
2514,1270
2515,1271
2523,1290
2525,1273
2527,1295
2532,1299
2533,1297
2535,1303
2536,1286
2538,1283
2539,1287
2540,1288
2542,1311
2543,1306
2544,1289
2546,1291
2548,1296
2550,1309
2551,1310
2554,1301
2556,1060
2557,1061
2559,1331
2561,1321
2562,1324
2563,1312
2565,1328
2566,1329
2567,1316
2568,1334
2569,1319
2570,1335
2576,1344
2578,1348
2579,1349
2580,1350
2581,1342
2582,1354
2583,1346
2585,1356
2587,1338
2588,1358
2589,1339
2593,1360
2594,1359
2596,1357
2597,1371
2599,1362
2600,1375
2603,1361
2605,1374
2608,1377
2610,1373
2611,1385
2614,1381
2616,1367
2617,1379
2618,1380
2625,1393
2626,1388
2628,1382
2629,1383
2630,1396
2632,1398
2633,1397
2634,1389
2636,1399
2637,1404
2641,1403
2642,1412
2644,1406
2645,1413
2646,1416
2647,1417
2651,1401
2655,1415
2656,1422
2657,1407
2659,1419
2660,1429
2661,1410
2662,1427
2663,1428
2664,1421
2665,1426
2667,1414
2669,1434
2670,1449
2671,1443
2672,1444
2674,1431
2675,1432
2676,1438
2677,1439
2678,1440
2679,1446
2680,1447
2682,1453
2683,1451
2684,1452
2688,1458
2689,1462
2690,1463
2696,1456
2697,1467
2699,1468
2702,1475
2703,1473
2704,1459
2706,1479
2707,1478
2708,1486
2709,1489
2710,1480
2711,1487
2712,1481
2714,1483
2715,1484
2716,1485
2717,1472
2718,1496
2720,1494
2727,1500
2734,1509
