848,148
1022,7
1031,15
1039,16
1040,17
1042,25
1045,18
1046,19
1047,9
1048,22
1049,10
1053,26
1057,30
1059,36
1060,34
1061,20
1063,41
1064,42
1065,24
1066,23
1067,37
1071,56
1074,46
1075,47
1076,67
1077,73
1078,74
1083,57
1087,62
1088,62
1089,65
1090,66
1091,79
1092,81
1096,72
1097,83
1099,78
1100,90
1101,91
1103,80
1104,92
1105,95
1108,84
1109,85
1110,86
1112,107
1114,89
1116,108
1117,109
1120,119
1121,117
1122,118
1123,102
1124,103
1125,104
1126,122
1129,129
1130,106
1133,111
1134,116
1138,144
1140,138
1141,123
1142,124
1143,154
1145,158
1146,132
1148,151
1151,133
1153,162
1158,161
1159,139
1162,140
1164,142
1168,164
1169,168
1170,143
1171,145
1172,146
1173,147
1174,163
1176,150
1177,153
1178,165
1179,170
1181,180
1190,184
1191,186
1194,171
1195,172
1196,173
1197,182
1198,187
1199,188
1200,190
1202,197
1204,193
1208,203
1210,185
1211,206
1214,204
1217,209
1218,215
1219,192
1221,216
1222,217
1224,194
1226,226
1227,198
1228,222
1229,223
1230,232
1234,228
1236,225
1237,231
1238,227
1239,239
1244,207
1245,242
1247,236
1248,237
1249,210
1250,346
1253,213
1254,214
1256,241
1257,229
1261,234
1262,235
1263,250
1271,263
1272,265
1273,258
1274,266
1275,259
1279,260
1280,246
1281,270
1282,271
1283,249
1284,251
1285,252
1286,253
1287,275
1289,255
1290,293
1291,291
1294,277
1295,286
1296,294
1297,301
1298,299
1299,296
1300,267
1301,269
1302,273
1304,274
1309,289
1310,287
1311,288
1312,302
1313,280
1315,306
1318,297
1320,298
1321,311
1322,310
1324,316
1329,304
1330,309
1331,307
1332,308
1334,314
1335,323
1337,328
1338,317
1339,320
1340,319
1341,337
1342,338
1343,321
1344,333
1347,340
1348,341
1349,340
1350,341
1351,324
1353,334
1355,339
1356,345
1358,342
1359,327
1360,348
1361,330
1362,331
1363,82
1365,352
1366,354
1368,365
1369,336
1370,356
1371,359
1372,360
1373,355
1374,344
1377,347
1379,350
1380,351
1384,369
1385,370
1387,353
1388,357
1389,358
1391,379
1394,364
1397,367
1398,368
1401,391
1402,384
1403,385
1405,392
1406,373
1408,374
1409,388
1411,393
1412,381
1414,397
1417,408
1421,389
1422,149
1424,423
1428,425
1430,400
1431,399
1433,395
1434,396
1435,616
1436,422
1437,403
1439,407
1440,402
1441,424
1442,412
1443,416
1444,427
1446,431
1447,417
1448,437
1449,430
1450,420
1451,418
1452,434
1453,421
1455,442
1456,441
1459,443
1460,444
1461,432
1462,449
1465,457
1468,453
1472,455
1474,439
1476,448
1477,451
1478,452
1479,454
1480,477
1485,486
1486,479
1487,467
1488,480
1489,460
1490,492
1491,485
1494,495
1495,487
1496,491
1497,475
1498,476
1501,470
1505,471
1506,472
1507,482
1509,499
1510,500
1511,501
1512,493
1513,512
1515,507
1516,515
1519,524
1520,520
1521,496
1522,497
1523,498
1524,526
1525,516
1526,502
1527,503
1528,504
1530,532
1531,523
1532,522
1533,521
1534,534
1535,536
1536,525
1539,535
1540,533
1541,527
1542,517
1543,540
1544,541
1546,544
1549,550
1550,543
1551,530
1556,557
1558,546
1560,537
1561,538
1562,542
1563,556
1564,545
1566,549
1568,559
1570,574
1571,572
1572,563
1573,564
1576,571
1577,558
1580,580
1581,581
1582,573
1583,562
1586,577
1587,578
1589,567
1590,582
1591,585
1593,588
1596,579
1597,586
1604,602
1607,592
1608,612
1612,593
1613,596
1614,611
1618,616
1619,600
1620,631
1621,629
1622,605
1624,606
1626,621
1627,634
1628,626
1629,625
1630,617
1632,609
1633,610
1634,630
1635,615
1636,628
1637,619
1639,636
1640,623
1641,624
1643,639
1645,641
1646,640
1648,664
1650,642
1651,673
1655,632
1656,676
1658,653
1659,659
1660,660
1661,668
1662,669
1663,635
1664,637
1668,682
1672,670
1679,652
1680,649
1682,684
1683,685
1684,683
1686,657
1687,662
1688,663
1690,690
1691,689
1692,681
1693,687
1694,688
1697,706
1699,700
1702,698
1703,711
1704,707
1706,701
1707,708
1708,729
1709,732
1710,713
1711,735
1712,712
1714,724
1715,709
1717,727
1718,739
1720,717
1721,734
1722,752
1723,737
1725,718
1727,720
1728,721
1730,728
1731,726
1735,762
1737,772
1738,755
1739,773
1740,744
1744,744
1745,776
1748,765
1750,744
1751,742
1755,768
1758,745
1759,775
1762,756
1763,754
1764,790
1767,758
1768,794
1769,764
1771,770
1772,795
1773,769
1774,767
1778,778
1780,796
1781,779
1783,801
1784,784
1785,781
1787,785
1788,786
1789,791
1791,793
1792,797
1794,800
1795,810
1796,811
1798,806
1799,814
1800,815
1801,819
1803,807
1805,830
1807,808
1810,825
1812,826
1815,812
1817,844
1820,821
1821,831
1822,824
1823,823
1825,842
1826,843
1828,827
1830,829
1831,850
1834,861
1837,853
1838,854
1839,834
1840,832
1841,851
1842,837
1845,838
1849,846
1850,847
1851,845
1852,884
1853,849
1855,863
1856,864
1857,865
1858,866
1859,871
1862,862
1863,855
1864,856
1866,858
1869,860
1870,880
1871,885
1872,886
1876,887
1878,888
1882,892
1885,869
1886,897
1888,877
1889,868
1891,874
1892,922
1893,872
1894,875
1896,876
1897,878
1898,918
1899,919
1900,900
1905,895
1909,896
1911,891
1912,911
1916,894
1918,925
1919,898
1920,925
1921,916
1922,901
1923,937
1924,936
1926,905
1927,927
1928,915
1929,928
1930,910
1932,917
1933,912
1934,913
1935,959
1940,930
1941,962
1942,963
1946,947
1947,939
1948,940
1949,938
1951,971
1952,935
1954,956
1955,957
1956,933
1957,955
1960,969
1964,950
1965,951
1966,943
1969,942
1970,945
1971,967
1972,974
1973,946
1974,964
1975,958
1978,948
1981,954
1982,975
1983,976
1986,960
1987,961
1990,983
1991,965
1992,1005
1993,970
1995,979
1996,988
1997,991
1999,972
2000,999
2001,1000
2003,993
2005,981
2006,1003
2008,984
2009,987
2011,982
2012,989
2013,997
2015,985
2017,1009
2018,1008
2019,1020
2020,992
2028,1018
2029,1037
2031,1001
2032,994
2036,1002
2040,1006
2042,1047
2043,1031
2045,1012
2047,1027
2055,1040
2058,1046
2059,1039
2060,1043
2061,1021
2062,1026
2063,1049
2064,1059
2066,1038
2068,1052
2069,1041
2071,1041
2073,1044
2075,1065
2076,1068
2077,1069
2078,1071
2080,1076
2081,1048
2082,1082
2083,1051
2086,1080
2088,1055
2089,1058
2090,1062
2093,1053
2094,1054
2095,1057
2096,1063
2097,1073
2098,1074
2100,1083
2101,1084
2102,1077
2103,1086
2104,1095
2105,1096
2106,1097
2107,1098
2109,1093
2111,1113
2112,1079
2113,1104
2114,1105
2116,1085
2117,1089
2118,1120
2119,1119
2122,1088
2123,1091
2126,1108
2128,1101
2129,1092
2131,1109
2135,1127
2136,1130
2137,1131
2138,1117
2139,1118
2140,1115
2141,1116
2142,1141
2143,1124
2144,1125
2145,1142
2147,1126
2150,1148
2152,1132
2153,1133
2154,1134
2155,1135
2156,1136
2157,1137
2158,1138
2159,1140
2161,1157
2163,1163
2164,1158
2165,1146
2166,1161
2167,1162
2169,1179
2170,1149
2171,1153
2176,1151
2177,1175
2178,1155
2179,1172
2180,1159
2181,1160
2182,1154
2183,1150
2188,1156
2189,1196
2190,1180
2191,1168
2192,1170
2193,1188
2194,1176
2195,1177
2197,1178
2200,1207
2201,1208
2202,1184
2203,1185
2206,1189
2207,1226
2208,1192
2209,1193
2210,1218
2211,1213
2212,1205
2213,1195
2214,1197
2215,1198
2216,1201
2217,1220
2218,1222
2219,1199
2220,1200
2222,1229
2224,1242
2225,1240
2229,1204
2231,1209
2233,1237
2234,1224
2235,1225
2236,1242
2237,1247
2238,1214
2243,1221
2244,1231
2245,1252
2246,1248
2247,1239
2249,1233
2251,1260
2252,1261
2253,1244
2254,1249
2256,1250
2257,1251
2263,1273
2265,1258
2266,1278
2268,1262
2269,1263
2270,1265
2272,1266
2274,1267
2275,1268
2279,1284
2280,1271
2281,1272
2282,1285
2284,1282
2285,1280
2286,1288
2288,1289
2290,1292
2295,1290
2296,1295
2298,1297
2299,1296
2300,1299
2302,1300
2303,1306
2304,1307
2306,1302
2307,1303
2308,1304
2310,852
2311,1305
2313,1321
2314,1309
2315,1323
2316,1325
2317,1310
2319,1310
2320,1315
2321,1318
2322,1316
2323,1317
2324,1319
2325,1331
2326,1332
2327,1320
2328,1322
2330,1326
2331,1334
2333,1335
2334,1336
2337,1343
2339,1342
2341,1355
2342,1353
2344,1371
2346,1354
2347,1352
2348,1352
2352,1360
2353,1351
2355,1358
2356,1359
2357,1365
2358,1361
2366,1388
2367,1364
2368,1362
2369,1387
2372,1395
2373,1366
2374,1368
2376,1387
2381,1402
2385,1367
2388,1385
2391,1406
2392,1409
2394,1401
2395,1401
2396,1400
2397,1407
2399,1408
2401,1419
2402,1420
2403,1412
2404,1430
2405,1428
2412,1426
2414,1420
2416,1433
2418,1432
2420,1441
2421,1442
2422,1443
2423,1435
2424,1434
2426,1436
2427,1437
2430,1439
2431,1440
2432,1445
2433,1446
2436,1444
2446,469
2451,1460
2452,1457
2453,1461
2454,1466
2457,1462
2458,1463
2459,1469
2460,1470
2463,1468
2469,1476
2472,1480
2473,1481
2474,1474
2476,1479
2478,1491
2480,1492
