762,367
958,64
968,68
1060,106
1061,107
1076,604
1085,367
1111,143
1195,5
1201,20
1202,16
1204,8
1208,26
1209,15
1216,27
1218,33
1221,28
1223,41
1224,39
1225,45
1227,43
1228,51
1231,52
1232,29
1234,47
1236,53
1237,37
1238,67
1240,48
1241,49
1243,70
1244,71
1245,85
1249,74
1250,75
1251,59
1252,64
1253,82
1254,66
1256,83
1257,94
1261,99
1262,68
1268,76
1269,77
1270,79
1275,118
1276,98
1277,104
1278,111
1280,112
1281,108
1282,109
1286,89
1289,90
1290,117
1291,91
1292,96
1294,128
1295,121
1296,102
1297,122
1299,130
1301,110
1306,137
1308,120
1309,135
1311,142
1312,123
1313,124
1316,127
1319,131
1320,132
1321,141
1322,148
1324,144
1326,138
1328,149
1331,151
1333,152
1334,150
1335,154
1336,153
1338,146
1339,143
1342,157
1343,163
1344,166
1346,167
1348,172
1349,173
1350,174
1351,165
1356,176
1357,158
1358,180
1360,177
1361,161
1362,164
1364,185
1365,191
1366,168
1367,169
1369,194
1370,189
1371,183
1373,187
1374,197
1375,200
1376,195
1379,198
1380,199
1381,203
1382,181
1384,182
1385,207
1388,202
1391,218
1392,219
1393,221
1394,209
1395,210
1396,222
1398,217
1401,204
1402,215
1403,216
1404,231
1406,229
1407,211
1413,239
1414,214
1415,228
1416,242
1417,236
1419,235
1422,244
1423,240
1426,243
1429,250
1431,248
1434,257
1437,253
1438,254
1439,255
1440,256
1443,263
1444,264
1449,265
1450,268
1453,281
1456,259
1457,262
1458,288
1459,266
1460,278
1461,279
1462,295
1463,296
1467,289
1468,293
1472,280
1473,301
1475,300
1478,303
1479,309
1481,306
1486,312
1487,310
1488,308
1489,318
1490,297
1492,307
1493,322
1494,313
1496,324
1497,302
1499,305
1502,327
1503,330
1504,326
1507,314
1508,315
1509,329
1511,328
1514,335
1516,343
1518,323
1519,341
1521,346
1525,349
1527,351
1529,350
1530,360
1531,352
1532,353
1535,336
1538,368
1545,345
1546,364
1548,370
1549,371
1552,379
1553,355
1554,373
1555,357
1556,356
1557,354
1558,378
1559,387
1560,391
1561,392
1562,358
1564,384
1565,385
1567,382
1568,396
1569,361
1571,388
1572,400
1573,393
1574,394
1576,367
1577,405
1578,402
1580,397
1582,372
1583,374
1584,375
1585,380
1587,381
1588,383
1589,411
1591,413
1592,407
1593,420
1596,416
1598,403
1602,419
1603,428
1604,421
1605,427
1606,409
1607,410
1610,435
1611,412
1612,434
1614,438
1615,432
1616,436
1617,415
1619,447
1620,440
1621,441
1625,442
1626,439
1627,453
1629,426
1630,430
1634,450
1635,451
1636,433
1638,463
1639,454
1641,461
1642,462
1643,468
1644,459
1645,460
1646,472
1648,478
1649,479
1650,471
1651,448
1654,467
1655,449
1656,476
1657,477
1660,469
1661,470
1662,455
1667,494
1668,495
1671,491
1672,493
1674,475
1676,502
1679,504
1683,505
1685,489
1686,506
1687,490
1689,508
1690,509
1691,503
1692,497
1693,515
1694,498
1695,510
1696,511
1697,517
1700,518
1701,524
1702,501
1703,522
1704,521
1705,525
1706,519
1708,523
1709,531
1710,527
1711,528
1712,533
1714,512
1718,547
1720,538
1721,536
1724,541
1727,551
1728,545
1730,530
1735,555
1737,542
1738,543
1739,546
1741,571
1742,569
1743,565
1744,550
1745,566
1746,570
1748,577
1749,576
1755,584
1756,561
1758,563
1761,564
1762,572
1763,573
1764,574
1765,575
1769,579
1770,591
1771,593
1773,599
1774,594
1778,585
1779,586
1780,614
1782,613
1783,610
1784,611
1785,612
1787,590
1788,615
1789,616
1796,592
1798,598
1802,597
1803,608
1804,621
1805,603
1807,640
1808,632
1809,630
1811,645
1812,617
1813,618
1815,619
1817,654
1820,624
1821,627
1822,628
1823,653
1824,625
1826,626
1829,662
1832,657
1834,666
1835,664
1836,638
1837,636
1838,637
1841,660
1842,663
1843,671
1844,642
1845,643
1846,644
1847,661
1848,665
1850,678
1851,649
1853,682
1854,679
1856,675
1858,674
1859,681
1860,931
1862,686
1868,658
1872,659
1873,693
1875,694
1876,704
1878,696
1879,695
1880,669
1883,701
1884,699
1885,957
1888,702
1891,707
1893,684
1894,685
1897,716
1898,714
1902,719
1903,692
1904,722
1905,697
1906,698
1907,700
1908,705
1909,706
1911,709
1912,726
1913,730
1916,717
1919,718
1921,734
1922,720
1923,738
1924,724
1926,728
1927,745
1928,727
1929,729
1930,748
1931,732
1932,749
1934,735
1935,756
1938,759
1939,757
1942,758
1944,762
1945,739
1946,767
1949,744
1950,775
1951,776
1952,747
1956,777
1959,769
1961,754
1962,755
1964,760
1965,761
1967,763
1968,764
1969,788
1970,771
1971,772
1972,791
1973,792
1977,779
1978,802
1980,780
1981,795
1982,799
1984,784
1988,789
1990,812
1991,806
1993,810
1994,817
1996,820
1997,813
1999,821
2000,822
2001,816
2002,797
2003,798
2004,823
2005,800
2006,801
2007,824
2008,825
2009,826
2010,831
2011,832
2013,840
2014,838
2020,836
2022,844
2025,854
2026,855
2027,815
2028,814
2030,866
2032,827
2033,868
2035,830
2037,870
2040,839
2041,841
2045,874
2046,875
2047,876
2048,850
2049,856
2050,857
2051,848
2052,849
2053,859
2059,882
2060,885
2061,864
2062,865
2063,881
2064,869
2065,892
2066,884
2070,902
2071,903
2074,898
2075,893
2076,900
2077,878
2079,901
2081,908
2082,909
2083,905
2084,886
2085,887
2088,915
2089,918
2090,919
2091,916
2092,923
2095,926
2099,899
2100,925
2102,927
2103,904
2104,906
2106,935
2109,929
2110,937
2111,936
2112,910
2113,930
2114,945
2115,942
2116,917
2118,940
2120,962
2123,964
2127,951
2128,928
2131,968
2133,974
2135,976
2137,944
2138,972
2142,954
2143,955
2144,358
2145,979
2147,956
2148,959
2149,960
2152,981
2153,957
2154,966
2156,989
2160,984
2162,992
2164,985
2168,991
2170,975
2171,994
2173,999
2175,1002
2176,995
2177,977
2178,996
2180,1586
2185,982
2186,983
2188,1007
2190,1003
2192,988
2194,1009
2195,1008
2196,1005
2197,993
2198,1012
2199,1010
2200,1011
2201,1015
2203,1016
2204,1017
2207,1029
2209,1031
2210,1021
2212,1018
2214,1022
2215,1023
2217,1004
2218,1025
2220,1051
2223,1039
2224,1040
2225,1045
2226,1046
2231,1059
2232,1053
2233,1036
2234,1064
2238,1057
2239,1060
2240,1207
2241,1067
2243,1043
2245,1047
2246,1049
2247,1052
2249,1065
2250,1077
2251,1078
2252,1066
2253,1076
2257,1081
2261,1075
2262,1091
2263,1092
2268,1083
2270,1100
2273,1104
2274,1102
2275,1112
2277,1105
2280,741
2281,1116
2282,1117
2283,1096
2286,872
2289,1120
2290,1121
2291,1122
2292,1099
2293,1115
2296,1126
2297,1103
2298,1129
2299,1108
2300,1109
2301,1110
2303,1114
2304,1118
2305,1136
2311,1138
2313,1143
2314,1137
2316,1130
2317,1145
2318,1140
2319,1149
2320,1150
2322,1133
2323,1153
2324,1134
2325,1156
2326,1169
2327,1158
2331,1148
2332,1167
2335,1141
2336,1142
2339,1181
2341,1180
2342,1146
2343,1147
2344,1179
2346,1151
2347,1152
2348,1178
2350,1188
2351,1189
2352,1159
2354,1164
2355,1163
2356,1162
2358,1170
2359,1171
2360,1172
2361,1173
2362,1176
2363,1186
2364,1177
2365,1187
2366,1191
2367,1193
2368,1422
2370,1199
2371,1200
2373,1197
2377,1208
2382,1211
2385,1217
2386,1214
2388,1218
2389,1209
2390,1194
2391,1195
2392,1196
2393,1212
2398,1230
2402,1234
2403,1235
2406,1246
2408,1236
2409,1241
2410,1231
2411,1232
2413,1224
2414,1247
2415,1248
2416,1225
2417,1252
2419,1256
2421,1227
2422,1259
2423,1265
2425,1263
2426,1271
2427,1272
2429,1270
2434,1274
2435,1255
2436,1278
2437,1281
2438,1282
2439,1275
2440,1257
2442,1279
2444,1287
2446,1290
2447,1298
2449,1291
2452,1295
2454,1294
2455,1280
2457,1283
